 ------- BEAMDYN V1.00.* INDIVIDUAL BLADE INPUT FILE --------------------------
Test          Format        - 1
 ---------------------- BLADE PARAMETERS --------------------------------------
30            station_total - Number of blade input stations (-)
1             damp_type     - Damping type: 0: no damping; 1: damped
  ---------------------- DAMPING COEFFICIENT------------------------------------
mu1             mu2             mu3             mu4             mu5             mu6            
(-)             (-)             (-)             (-)             (-)             (-)            
 2.57593000e-03	 1.74690000e-03	 1.74690000e-03	 1.74690000e-03	 2.57593000e-03	 1.74690000e-03
 ---------------------- DISTRIBUTED PROPERTIES---------------------------------
0.000000
   4.70385680E+09 -5.91476042E+03 0.00000000E+00 0.00000000E+00 0.00000000E+00 4.39839603E+03
   -5.91476025E+03 4.70385887E+09 0.00000000E+00 0.00000000E+00 0.00000000E+00 -9.82286380E+03
   0.00000000E+00 0.00000000E+00 3.21431399E+10 -3.01448316E+04 6.71161982E+04 0.00000000E+00
   0.00000000E+00 0.00000000E+00 -3.01448311E+04 7.83810357E+10 9.86167022E+04 0.00000000E+00
   0.00000000E+00 0.00000000E+00 6.71161982E+04 9.86167025E+04 7.83810007E+10 0.00000000E+00
   4.39839603E+03 -9.82286380E+03 0.00000000E+00 0.00000000E+00 0.00000000E+00 4.58512617E+10

   2.22431973E+03 0.00000000E+00 0.00000000E+00 0.00000000E+00 0.00000000E+00 2.08587113E-03
   0.00000000E+00 2.22431973E+03 0.00000000E+00 0.00000000E+00 0.00000000E+00 -4.64443986E-03
   0.00000000E+00 0.00000000E+00 2.22431973E+03 -2.08587113E-03 4.64443986E-03 0.00000000E+00
   0.00000000E+00 0.00000000E+00 -2.08587113E-03 5.42526316E+03 6.82511566E-03 0.00000000E+00
   0.00000000E+00 0.00000000E+00 4.64443986E-03 6.82511566E-03 5.42526074E+03 0.00000000E+00
   2.08587113E-03 -4.64443986E-03 0.00000000E+00 0.00000000E+00 0.00000000E+00 1.08505239E+04

0.034483
   3.56059280E+09 -2.76733814E+07 0.00000000E+00 0.00000000E+00 0.00000000E+00 6.29966043E+07
   -2.76733814E+07 3.88925681E+09 0.00000000E+00 0.00000000E+00 0.00000000E+00 3.16736521E+06
   0.00000000E+00 0.00000000E+00 2.80468793E+10 -5.70101957E+08 4.25761336E+08 0.00000000E+00
   0.00000000E+00 0.00000000E+00 -5.70101957E+08 6.25581844E+10 -3.70328466E+09 0.00000000E+00
   0.00000000E+00 0.00000000E+00 4.25761336E+08 -3.70328466E+09 6.78052758E+10 0.00000000E+00
   6.29966043E+07 3.16736521E+06 0.00000000E+00 0.00000000E+00 0.00000000E+00 3.47852505E+10

   1.78301905E+03 0.00000000E+00 0.00000000E+00 0.00000000E+00 0.00000000E+00 2.69010323E+01
   0.00000000E+00 1.78301905E+03 0.00000000E+00 0.00000000E+00 0.00000000E+00 8.85023041E-01
   0.00000000E+00 0.00000000E+00 1.78301905E+03 -2.69010323E+01 -8.85023041E-01 0.00000000E+00
   0.00000000E+00 0.00000000E+00 -2.69010323E+01 4.25330685E+03 -3.82076184E+01 0.00000000E+00
   0.00000000E+00 0.00000000E+00 -8.85023041E-01 -3.82076184E+01 4.06169279E+03 0.00000000E+00
   2.69010323E+01 8.85023041E-01 0.00000000E+00 0.00000000E+00 0.00000000E+00 8.31499964E+03

0.068966
   2.43648638E+09 -3.25671541E+07 0.00000000E+00 0.00000000E+00 0.00000000E+00 3.71784304E+07
   -3.25671541E+07 3.22114734E+09 0.00000000E+00 0.00000000E+00 0.00000000E+00 4.99668423E+07
   0.00000000E+00 0.00000000E+00 2.44325680E+10 1.78086138E+09 -1.90703565E+08 0.00000000E+00
   0.00000000E+00 0.00000000E+00 1.78086138E+09 5.23688767E+10 -4.60061848E+09 0.00000000E+00
   0.00000000E+00 0.00000000E+00 -1.90703565E+08 -4.60061848E+09 4.84065153E+10 0.00000000E+00
   3.71784304E+07 4.99668423E+07 0.00000000E+00 0.00000000E+00 0.00000000E+00 2.33148898E+10

   1.43988989E+03 0.00000000E+00 0.00000000E+00 0.00000000E+00 0.00000000E+00 -6.86372082E+01
   0.00000000E+00 1.43988989E+03 0.00000000E+00 0.00000000E+00 0.00000000E+00 5.92729626E+00
   0.00000000E+00 0.00000000E+00 1.43988989E+03 6.86372082E+01 -5.92729626E+00 0.00000000E+00
   0.00000000E+00 0.00000000E+00 6.86372082E+01 3.43404031E+03 -4.77138072E+01 0.00000000E+00
   0.00000000E+00 0.00000000E+00 -5.92729626E+00 -4.77138072E+01 2.59438761E+03 0.00000000E+00
   -6.86372082E+01 5.92729626E+00 0.00000000E+00 0.00000000E+00 0.00000000E+00 6.02842791E+03

0.103448
   1.97913855E+09 1.26824945E+08 0.00000000E+00 0.00000000E+00 0.00000000E+00 4.89227373E+08
   1.26824945E+08 2.64858008E+09 0.00000000E+00 0.00000000E+00 0.00000000E+00 1.98943924E+08
   0.00000000E+00 0.00000000E+00 2.18294943E+10 -2.06587440E+09 -1.54108518E+09 0.00000000E+00
   0.00000000E+00 0.00000000E+00 -2.06587440E+09 4.52492286E+10 -3.71518579E+09 0.00000000E+00
   0.00000000E+00 0.00000000E+00 -1.54108518E+09 -3.71518579E+09 3.57932495E+10 0.00000000E+00
   4.89227373E+08 1.98943924E+08 0.00000000E+00 0.00000000E+00 0.00000000E+00 1.54817505E+10

   1.26387591E+03 0.00000000E+00 0.00000000E+00 0.00000000E+00 0.00000000E+00 2.45298777E+01
   0.00000000E+00 1.26387591E+03 0.00000000E+00 0.00000000E+00 0.00000000E+00 3.41300636E+01
   0.00000000E+00 0.00000000E+00 1.26387591E+03 -2.45298777E+01 -3.41300636E+01 0.00000000E+00
   0.00000000E+00 0.00000000E+00 -2.45298777E+01 2.82582427E+03 -6.63907862E+01 0.00000000E+00
   0.00000000E+00 0.00000000E+00 -3.41300636E+01 -6.63907862E+01 1.75375349E+03 0.00000000E+00
   2.45298777E+01 3.41300636E+01 0.00000000E+00 0.00000000E+00 0.00000000E+00 4.57957776E+03

0.137931
   1.28682398E+09 1.07550315E+08 0.00000000E+00 0.00000000E+00 0.00000000E+00 5.41602470E+08
   1.07550315E+08 2.07444810E+09 0.00000000E+00 0.00000000E+00 0.00000000E+00 1.72934715E+08
   0.00000000E+00 0.00000000E+00 1.93192086E+10 -2.91185171E+09 -1.42321400E+09 0.00000000E+00
   0.00000000E+00 0.00000000E+00 -2.91185171E+09 3.58686139E+10 -2.96264174E+09 0.00000000E+00
   0.00000000E+00 0.00000000E+00 -1.42321400E+09 -2.96264174E+09 2.52411594E+10 0.00000000E+00
   5.41602470E+08 1.72934715E+08 0.00000000E+00 0.00000000E+00 0.00000000E+00 9.01615098E+09

   9.89698753E+02 0.00000000E+00 0.00000000E+00 0.00000000E+00 0.00000000E+00 1.73285062E+01
   0.00000000E+00 9.89698753E+02 0.00000000E+00 0.00000000E+00 0.00000000E+00 2.38912665E+01
   0.00000000E+00 0.00000000E+00 9.89698753E+02 -1.73285062E+01 -2.38912665E+01 0.00000000E+00
   0.00000000E+00 0.00000000E+00 -1.73285062E+01 2.13237495E+03 -5.43543313E+01 0.00000000E+00
   0.00000000E+00 0.00000000E+00 -2.38912665E+01 -5.43543313E+01 1.01070938E+03 0.00000000E+00
   1.73285062E+01 2.38912665E+01 0.00000000E+00 0.00000000E+00 0.00000000E+00 3.14308433E+03

0.172414
   8.38092233E+08 8.58499905E+07 0.00000000E+00 0.00000000E+00 0.00000000E+00 5.33753244E+08
   8.58499905E+07 1.64944064E+09 0.00000000E+00 0.00000000E+00 0.00000000E+00 1.40905633E+08
   0.00000000E+00 0.00000000E+00 1.79417085E+10 -3.78265266E+09 -1.19866001E+09 0.00000000E+00
   0.00000000E+00 0.00000000E+00 -3.78265266E+09 2.97542950E+10 -1.94618516E+09 0.00000000E+00
   0.00000000E+00 0.00000000E+00 -1.19866001E+09 -1.94618516E+09 1.75225770E+10 0.00000000E+00
   5.33753244E+08 1.40905633E+08 0.00000000E+00 0.00000000E+00 0.00000000E+00 5.02900521E+09

   8.09835408E+02 0.00000000E+00 0.00000000E+00 0.00000000E+00 0.00000000E+00 1.46518124E+01
   0.00000000E+00 8.09835408E+02 0.00000000E+00 0.00000000E+00 0.00000000E+00 2.04830334E+01
   0.00000000E+00 0.00000000E+00 8.09835408E+02 -1.46518124E+01 -2.04830334E+01 0.00000000E+00
   0.00000000E+00 0.00000000E+00 -1.46518124E+01 1.67602756E+03 -4.36676297E+01 0.00000000E+00
   0.00000000E+00 0.00000000E+00 -2.04830334E+01 -4.36676297E+01 5.71642655E+02 0.00000000E+00
   1.46518124E+01 2.04830334E+01 0.00000000E+00 0.00000000E+00 0.00000000E+00 2.24767022E+03

0.206897
   6.17833205E+08 5.99202571E+07 0.00000000E+00 0.00000000E+00 0.00000000E+00 4.45588772E+08
   5.99202571E+07 1.30213043E+09 0.00000000E+00 0.00000000E+00 0.00000000E+00 1.09619112E+08
   0.00000000E+00 0.00000000E+00 1.72071207E+10 -3.94366145E+09 -1.07682344E+09 0.00000000E+00
   0.00000000E+00 0.00000000E+00 -3.94366145E+09 2.61357652E+10 -1.17088837E+09 0.00000000E+00
   0.00000000E+00 0.00000000E+00 -1.07682344E+09 -1.17088837E+09 1.40708972E+10 0.00000000E+00
   4.45588772E+08 1.09619112E+08 0.00000000E+00 0.00000000E+00 0.00000000E+00 3.24168799E+09

   6.92976507E+02 0.00000000E+00 0.00000000E+00 0.00000000E+00 0.00000000E+00 -5.81053891E+00
   0.00000000E+00 6.92976507E+02 0.00000000E+00 0.00000000E+00 0.00000000E+00 1.92227206E+01
   0.00000000E+00 0.00000000E+00 6.92976507E+02 5.81053891E+00 -1.92227206E+01 0.00000000E+00
   0.00000000E+00 0.00000000E+00 5.81053891E+00 1.40382397E+03 -3.32384017E+01 0.00000000E+00
   0.00000000E+00 0.00000000E+00 -1.92227206E+01 -3.32384017E+01 3.88164794E+02 0.00000000E+00
   -5.81053891E+00 1.92227206E+01 0.00000000E+00 0.00000000E+00 0.00000000E+00 1.79198876E+03

0.241379
   4.77415837E+08 3.68398944E+07 0.00000000E+00 0.00000000E+00 0.00000000E+00 3.59377426E+08
   3.68398944E+07 1.03103013E+09 0.00000000E+00 0.00000000E+00 0.00000000E+00 8.34619173E+07
   0.00000000E+00 0.00000000E+00 1.66702658E+10 -3.84439403E+09 -9.71334754E+08 0.00000000E+00
   0.00000000E+00 0.00000000E+00 -3.84439403E+09 2.35240329E+10 -5.42044778E+08 0.00000000E+00
   0.00000000E+00 0.00000000E+00 -9.71334754E+08 -5.42044778E+08 1.15902623E+10 0.00000000E+00
   3.59377426E+08 8.34619173E+07 0.00000000E+00 0.00000000E+00 0.00000000E+00 2.17990730E+09

   6.07797153E+02 0.00000000E+00 0.00000000E+00 0.00000000E+00 0.00000000E+00 -2.72967132E+01
   0.00000000E+00 6.07797153E+02 0.00000000E+00 0.00000000E+00 0.00000000E+00 1.87246301E+01
   0.00000000E+00 0.00000000E+00 6.07797153E+02 2.72967132E+01 -1.87246301E+01 0.00000000E+00
   0.00000000E+00 0.00000000E+00 2.72967132E+01 1.21692447E+03 -2.44934999E+01 0.00000000E+00
   0.00000000E+00 0.00000000E+00 -1.87246301E+01 -2.44934999E+01 2.78966534E+02 0.00000000E+00
   -2.72967132E+01 1.87246301E+01 0.00000000E+00 0.00000000E+00 0.00000000E+00 1.49589101E+03

0.275862
   3.72169744E+08 2.13837697E+07 0.00000000E+00 0.00000000E+00 0.00000000E+00 2.87921056E+08
   2.13837697E+07 8.24080408E+08 0.00000000E+00 0.00000000E+00 0.00000000E+00 6.69021286E+07
   0.00000000E+00 0.00000000E+00 1.61551659E+10 -3.29120202E+09 -8.20687083E+08 0.00000000E+00
   0.00000000E+00 0.00000000E+00 -3.29120202E+09 2.20224706E+10 -2.56895558E+08 0.00000000E+00
   0.00000000E+00 0.00000000E+00 -8.20687083E+08 -2.56895558E+08 9.15058616E+09 0.00000000E+00
   2.87921056E+08 6.69021286E+07 0.00000000E+00 0.00000000E+00 0.00000000E+00 1.45735542E+09

   5.45199009E+02 0.00000000E+00 0.00000000E+00 0.00000000E+00 0.00000000E+00 -5.50704429E+01
   0.00000000E+00 5.45199009E+02 0.00000000E+00 0.00000000E+00 0.00000000E+00 1.78804611E+01
   0.00000000E+00 0.00000000E+00 5.45199009E+02 5.50704429E+01 -1.78804611E+01 0.00000000E+00
   0.00000000E+00 0.00000000E+00 5.50704429E+01 1.10178219E+03 -2.11606136E+01 0.00000000E+00
   0.00000000E+00 0.00000000E+00 -1.78804611E+01 -2.11606136E+01 1.98659165E+02 0.00000000E+00
   -5.50704429E+01 1.78804611E+01 0.00000000E+00 0.00000000E+00 0.00000000E+00 1.30044135E+03

0.310345
   3.08912095E+08 1.66477146E+07 0.00000000E+00 0.00000000E+00 0.00000000E+00 2.37155268E+08
   1.66477146E+07 6.78503671E+08 0.00000000E+00 0.00000000E+00 0.00000000E+00 5.56375595E+07
   0.00000000E+00 0.00000000E+00 1.54291251E+10 -3.02022302E+09 -6.56005148E+08 0.00000000E+00
   0.00000000E+00 0.00000000E+00 -3.02022302E+09 1.98485634E+10 -2.44982645E+08 0.00000000E+00
   0.00000000E+00 0.00000000E+00 -6.56005148E+08 -2.44982645E+08 7.48282105E+09 0.00000000E+00
   2.37155268E+08 5.56375595E+07 0.00000000E+00 0.00000000E+00 0.00000000E+00 1.05395112E+09

   4.92592710E+02 0.00000000E+00 0.00000000E+00 0.00000000E+00 0.00000000E+00 -6.09117467E+01
   0.00000000E+00 4.92592710E+02 0.00000000E+00 0.00000000E+00 0.00000000E+00 1.59843129E+01
   0.00000000E+00 0.00000000E+00 4.92592710E+02 6.09117467E+01 -1.59843129E+01 0.00000000E+00
   0.00000000E+00 0.00000000E+00 6.09117467E+01 9.82421776E+02 -2.03045122E+01 0.00000000E+00
   0.00000000E+00 0.00000000E+00 -1.59843129E+01 -2.03045122E+01 1.51636794E+02 0.00000000E+00
   -6.09117467E+01 1.59843129E+01 0.00000000E+00 0.00000000E+00 0.00000000E+00 1.13405857E+03

0.344828
   2.80753612E+08 1.26675029E+07 0.00000000E+00 0.00000000E+00 0.00000000E+00 2.05816695E+08
   1.26675029E+07 5.94656864E+08 0.00000000E+00 0.00000000E+00 0.00000000E+00 4.82631550E+07
   0.00000000E+00 0.00000000E+00 1.49991646E+10 -2.14523452E+09 -5.02684530E+08 0.00000000E+00
   0.00000000E+00 0.00000000E+00 -2.14523452E+09 1.96531788E+10 -2.81840804E+08 0.00000000E+00
   0.00000000E+00 0.00000000E+00 -5.02684530E+08 -2.81840804E+08 6.74439228E+09 0.00000000E+00
   2.05816695E+08 4.82631550E+07 0.00000000E+00 0.00000000E+00 0.00000000E+00 8.81071534E+08

   4.69941766E+02 0.00000000E+00 0.00000000E+00 0.00000000E+00 0.00000000E+00 -8.82854448E+01
   0.00000000E+00 4.69941766E+02 0.00000000E+00 0.00000000E+00 0.00000000E+00 1.33025120E+01
   0.00000000E+00 0.00000000E+00 4.69941766E+02 8.82854448E+01 -1.33025120E+01 0.00000000E+00
   0.00000000E+00 0.00000000E+00 8.82854448E+01 9.68855782E+02 -2.03069047E+01 0.00000000E+00
   0.00000000E+00 0.00000000E+00 -1.33025120E+01 -2.03069047E+01 1.32715725E+02 0.00000000E+00
   -8.82854448E+01 1.33025120E+01 0.00000000E+00 0.00000000E+00 0.00000000E+00 1.10157151E+03

0.379310
   2.57897647E+08 1.18188381E+07 0.00000000E+00 0.00000000E+00 0.00000000E+00 1.81523117E+08
   1.18188381E+07 5.49374268E+08 0.00000000E+00 0.00000000E+00 0.00000000E+00 4.09806995E+07
   0.00000000E+00 0.00000000E+00 1.40740251E+10 -2.18621740E+09 -3.59068371E+08 0.00000000E+00
   0.00000000E+00 0.00000000E+00 -2.18621740E+09 1.69631149E+10 -2.86815573E+08 0.00000000E+00
   0.00000000E+00 0.00000000E+00 -3.59068371E+08 -2.86815573E+08 5.90262611E+09 0.00000000E+00
   1.81523117E+08 4.09806995E+07 0.00000000E+00 0.00000000E+00 0.00000000E+00 7.50372650E+08

   9.98006874E+02 0.00000000E+00 0.00000000E+00 0.00000000E+00 0.00000000E+00 -1.67919685E+02
   0.00000000E+00 9.98006874E+02 0.00000000E+00 0.00000000E+00 0.00000000E+00 2.43553001E+01
   0.00000000E+00 0.00000000E+00 9.98006874E+02 1.67919685E+02 -2.43553001E+01 0.00000000E+00
   0.00000000E+00 0.00000000E+00 1.67919685E+02 1.94504251E+03 -4.37326340E+01 0.00000000E+00
   0.00000000E+00 0.00000000E+00 -2.43553001E+01 -4.37326340E+01 2.63639907E+02 0.00000000E+00
   -1.67919685E+02 2.43553001E+01 0.00000000E+00 0.00000000E+00 0.00000000E+00 2.20868241E+03

0.413793
   2.38297076E+08 1.02039602E+07 0.00000000E+00 0.00000000E+00 0.00000000E+00 1.60543118E+08
   1.02039602E+07 5.32821423E+08 0.00000000E+00 0.00000000E+00 0.00000000E+00 3.65273081E+07
   0.00000000E+00 0.00000000E+00 1.33841147E+10 -1.61763695E+09 -2.38567887E+08 0.00000000E+00
   0.00000000E+00 0.00000000E+00 -1.61763695E+09 1.58078496E+10 -3.01347243E+08 0.00000000E+00
   0.00000000E+00 0.00000000E+00 -2.38567887E+08 -3.01347243E+08 5.10204014E+09 0.00000000E+00
   1.60543118E+08 3.65273081E+07 0.00000000E+00 0.00000000E+00 0.00000000E+00 6.55340349E+08

   4.15385638E+02 0.00000000E+00 0.00000000E+00 0.00000000E+00 0.00000000E+00 -8.32146944E+01
   0.00000000E+00 4.15385638E+02 0.00000000E+00 0.00000000E+00 0.00000000E+00 8.73590461E+00
   0.00000000E+00 0.00000000E+00 4.15385638E+02 8.32146944E+01 -8.73590461E+00 0.00000000E+00
   0.00000000E+00 0.00000000E+00 8.32146944E+01 7.98841777E+02 -1.87812222E+01 0.00000000E+00
   0.00000000E+00 0.00000000E+00 -8.73590461E+00 -1.87812222E+01 9.96589625E+01 0.00000000E+00
   -8.32146944E+01 8.73590461E+00 0.00000000E+00 0.00000000E+00 0.00000000E+00 8.98500740E+02

0.448276
   2.17089698E+08 8.13909139E+06 0.00000000E+00 0.00000000E+00 0.00000000E+00 1.36976391E+08
   8.13909139E+06 5.15722094E+08 0.00000000E+00 0.00000000E+00 0.00000000E+00 3.25219563E+07
   0.00000000E+00 0.00000000E+00 1.27411274E+10 -6.23483613E+08 -1.59204221E+08 0.00000000E+00
   0.00000000E+00 0.00000000E+00 -6.23483613E+08 1.51850180E+10 -2.93542632E+08 0.00000000E+00
   0.00000000E+00 0.00000000E+00 -1.59204221E+08 -2.93542632E+08 4.21523440E+09 0.00000000E+00
   1.36976391E+08 3.25219563E+07 0.00000000E+00 0.00000000E+00 0.00000000E+00 5.42877478E+08

   3.98572561E+02 0.00000000E+00 0.00000000E+00 0.00000000E+00 0.00000000E+00 -1.18009273E+02
   0.00000000E+00 3.98572561E+02 0.00000000E+00 0.00000000E+00 0.00000000E+00 7.32242650E+00
   0.00000000E+00 0.00000000E+00 3.98572561E+02 1.18009273E+02 -7.32242650E+00 0.00000000E+00
   0.00000000E+00 0.00000000E+00 1.18009273E+02 7.67124449E+02 -1.79650214E+01 0.00000000E+00
   0.00000000E+00 0.00000000E+00 -7.32242650E+00 -1.79650214E+01 8.21022419E+01 0.00000000E+00
   -1.18009273E+02 7.32242650E+00 0.00000000E+00 0.00000000E+00 0.00000000E+00 8.49226691E+02

0.482759
   1.93936552E+08 5.59378937E+06 0.00000000E+00 0.00000000E+00 0.00000000E+00 1.14561402E+08
   5.59378937E+06 5.04671743E+08 0.00000000E+00 0.00000000E+00 0.00000000E+00 2.83902096E+07
   0.00000000E+00 0.00000000E+00 1.19556252E+10 -3.03147621E+08 -1.28561972E+08 0.00000000E+00
   0.00000000E+00 0.00000000E+00 -3.03147621E+08 1.33033045E+10 -2.29795119E+08 0.00000000E+00
   0.00000000E+00 0.00000000E+00 -1.28561972E+08 -2.29795119E+08 3.40100209E+09 0.00000000E+00
   1.14561402E+08 2.83902096E+07 0.00000000E+00 0.00000000E+00 0.00000000E+00 4.45151258E+08

   3.73697479E+02 0.00000000E+00 0.00000000E+00 0.00000000E+00 0.00000000E+00 -1.17762850E+02
   0.00000000E+00 3.73697479E+02 0.00000000E+00 0.00000000E+00 0.00000000E+00 6.43302497E+00
   0.00000000E+00 0.00000000E+00 3.73697479E+02 1.17762850E+02 -6.43302497E+00 0.00000000E+00
   0.00000000E+00 0.00000000E+00 1.17762850E+02 6.75541990E+02 -1.56781884E+01 0.00000000E+00
   0.00000000E+00 0.00000000E+00 -6.43302497E+00 -1.56781884E+01 6.62534008E+01 0.00000000E+00
   -1.17762850E+02 6.43302497E+00 0.00000000E+00 0.00000000E+00 0.00000000E+00 7.41795391E+02

0.517241
   1.71515185E+08 5.11545489E+06 0.00000000E+00 0.00000000E+00 0.00000000E+00 9.36954712E+07
   5.11545489E+06 4.83717677E+08 0.00000000E+00 0.00000000E+00 0.00000000E+00 2.50088031E+07
   0.00000000E+00 0.00000000E+00 1.10517796E+10 -3.35677904E+08 -1.58864831E+08 0.00000000E+00
   0.00000000E+00 0.00000000E+00 -3.35677904E+08 1.07739500E+10 -1.66981736E+08 0.00000000E+00
   0.00000000E+00 0.00000000E+00 -1.58864831E+08 -1.66981736E+08 2.70121020E+09 0.00000000E+00
   9.36954712E+07 2.50088031E+07 0.00000000E+00 0.00000000E+00 0.00000000E+00 3.53007080E+08

   3.39203029E+02 0.00000000E+00 0.00000000E+00 0.00000000E+00 0.00000000E+00 -1.00084210E+02
   0.00000000E+00 3.39203029E+02 0.00000000E+00 0.00000000E+00 0.00000000E+00 6.54310748E+00
   0.00000000E+00 0.00000000E+00 3.39203029E+02 1.00084210E+02 -6.54310748E+00 0.00000000E+00
   0.00000000E+00 0.00000000E+00 1.00084210E+02 5.39719507E+02 -1.24125258E+01 0.00000000E+00
   0.00000000E+00 0.00000000E+00 -6.54310748E+00 -1.24125258E+01 5.21590722E+01 0.00000000E+00
   -1.00084210E+02 6.54310748E+00 0.00000000E+00 0.00000000E+00 0.00000000E+00 5.91878579E+02

0.551724
   1.49595516E+08 5.42940912E+06 0.00000000E+00 0.00000000E+00 0.00000000E+00 7.60832542E+07
   5.42940912E+06 4.53006183E+08 0.00000000E+00 0.00000000E+00 0.00000000E+00 2.09842132E+07
   0.00000000E+00 0.00000000E+00 1.01173465E+10 -4.64760005E+08 -1.92558023E+08 0.00000000E+00
   0.00000000E+00 0.00000000E+00 -4.64760005E+08 8.30757218E+09 -1.08243397E+08 0.00000000E+00
   0.00000000E+00 0.00000000E+00 -1.92558023E+08 -1.08243397E+08 2.10902724E+09 0.00000000E+00
   7.60832542E+07 2.09842132E+07 0.00000000E+00 0.00000000E+00 0.00000000E+00 2.73538639E+08

   3.03342329E+02 0.00000000E+00 0.00000000E+00 0.00000000E+00 0.00000000E+00 -8.00665821E+01
   0.00000000E+00 3.03342329E+02 0.00000000E+00 0.00000000E+00 0.00000000E+00 6.60960824E+00
   0.00000000E+00 0.00000000E+00 3.03342329E+02 8.00665821E+01 -6.60960824E+00 0.00000000E+00
   0.00000000E+00 0.00000000E+00 8.00665821E+01 4.13868399E+02 -9.62939213E+00 0.00000000E+00
   0.00000000E+00 0.00000000E+00 -6.60960824E+00 -9.62939213E+00 4.01516476E+01 0.00000000E+00
   -8.00665821E+01 6.60960824E+00 0.00000000E+00 0.00000000E+00 0.00000000E+00 4.54020047E+02

0.586207
   1.28529886E+08 4.93973908E+06 0.00000000E+00 0.00000000E+00 0.00000000E+00 6.08374638E+07
   4.93973908E+06 4.17944028E+08 0.00000000E+00 0.00000000E+00 0.00000000E+00 1.85263138E+07
   0.00000000E+00 0.00000000E+00 9.21011783E+09 -5.40522335E+08 -2.17598926E+08 0.00000000E+00
   0.00000000E+00 0.00000000E+00 -5.40522335E+08 6.36891170E+09 -5.71960095E+07 0.00000000E+00
   0.00000000E+00 0.00000000E+00 -2.17598926E+08 -5.71960095E+07 1.62152125E+09 0.00000000E+00
   6.08374638E+07 1.85263138E+07 0.00000000E+00 0.00000000E+00 0.00000000E+00 2.06218838E+08

   2.68948726E+02 0.00000000E+00 0.00000000E+00 0.00000000E+00 0.00000000E+00 -6.39290978E+01
   0.00000000E+00 2.68948726E+02 0.00000000E+00 0.00000000E+00 0.00000000E+00 6.39490396E+00
   0.00000000E+00 0.00000000E+00 2.68948726E+02 6.39290978E+01 -6.39490396E+00 0.00000000E+00
   0.00000000E+00 0.00000000E+00 6.39290978E+01 3.16671947E+02 -7.07665017E+00 0.00000000E+00
   0.00000000E+00 0.00000000E+00 -6.39490396E+00 -7.07665017E+00 3.02932416E+01 0.00000000E+00
   -6.39290978E+01 6.39490396E+00 0.00000000E+00 0.00000000E+00 0.00000000E+00 3.46965189E+02

0.620690
   1.08982714E+08 4.05987112E+06 0.00000000E+00 0.00000000E+00 0.00000000E+00 4.77118522E+07
   4.05987112E+06 3.79429780E+08 0.00000000E+00 0.00000000E+00 0.00000000E+00 1.70238936E+07
   0.00000000E+00 0.00000000E+00 8.37728642E+09 -4.93885025E+08 -2.35252513E+08 0.00000000E+00
   0.00000000E+00 0.00000000E+00 -4.93885025E+08 4.95151024E+09 -2.01139186E+07 0.00000000E+00
   0.00000000E+00 0.00000000E+00 -2.35252513E+08 -2.01139186E+07 1.22256512E+09 0.00000000E+00
   4.77118522E+07 1.70238936E+07 0.00000000E+00 0.00000000E+00 0.00000000E+00 1.50891112E+08

   2.37428064E+02 0.00000000E+00 0.00000000E+00 0.00000000E+00 0.00000000E+00 -5.41216032E+01
   0.00000000E+00 2.37428064E+02 0.00000000E+00 0.00000000E+00 0.00000000E+00 6.04849562E+00
   0.00000000E+00 0.00000000E+00 2.37428064E+02 5.41216032E+01 -6.04849562E+00 0.00000000E+00
   0.00000000E+00 0.00000000E+00 5.41216032E+01 2.45340775E+02 -4.99731106E+00 0.00000000E+00
   0.00000000E+00 0.00000000E+00 -6.04849562E+00 -4.99731106E+00 2.22738100E+01 0.00000000E+00
   -5.41216032E+01 6.04849562E+00 0.00000000E+00 0.00000000E+00 0.00000000E+00 2.67614585E+02

0.655172
   9.20780487E+07 2.66984389E+06 0.00000000E+00 0.00000000E+00 0.00000000E+00 3.66056126E+07
   2.66984389E+06 3.35260848E+08 0.00000000E+00 0.00000000E+00 0.00000000E+00 1.65150017E+07
   0.00000000E+00 0.00000000E+00 7.71332555E+09 -1.89185990E+08 -2.43821173E+08 0.00000000E+00
   0.00000000E+00 0.00000000E+00 -1.89185990E+08 4.25187570E+09 1.05364478E+06 0.00000000E+00
   0.00000000E+00 0.00000000E+00 -2.43821173E+08 1.05364478E+06 9.01762197E+08 0.00000000E+00
   3.66056126E+07 1.65150017E+07 0.00000000E+00 0.00000000E+00 0.00000000E+00 1.07731759E+08

   2.13316851E+02 0.00000000E+00 0.00000000E+00 0.00000000E+00 0.00000000E+00 -5.50987233E+01
   0.00000000E+00 2.13316851E+02 0.00000000E+00 0.00000000E+00 0.00000000E+00 5.63587293E+00
   0.00000000E+00 0.00000000E+00 2.13316851E+02 5.50987233E+01 -5.63587293E+00 0.00000000E+00
   0.00000000E+00 0.00000000E+00 5.50987233E+01 2.05568464E+02 -3.48384356E+00 0.00000000E+00
   0.00000000E+00 0.00000000E+00 -5.63587293E+00 -3.48384356E+00 1.59480945E+01 0.00000000E+00
   -5.50987233E+01 5.63587293E+00 0.00000000E+00 0.00000000E+00 0.00000000E+00 2.21516558E+02

0.689655
   7.71456868E+07 3.08354831E+06 0.00000000E+00 0.00000000E+00 0.00000000E+00 2.81316971E+07
   3.08354831E+06 2.95950501E+08 0.00000000E+00 0.00000000E+00 0.00000000E+00 1.25346428E+07
   0.00000000E+00 0.00000000E+00 6.71172322E+09 -5.47171597E+08 -2.37251631E+08 0.00000000E+00
   0.00000000E+00 0.00000000E+00 -5.47171597E+08 2.55733984E+09 1.76515390E+07 0.00000000E+00
   0.00000000E+00 0.00000000E+00 -2.37251631E+08 1.76515390E+07 6.49150627E+08 0.00000000E+00
   2.81316971E+07 1.25346428E+07 0.00000000E+00 0.00000000E+00 0.00000000E+00 7.44303969E+07

   1.78670000E+02 0.00000000E+00 0.00000000E+00 0.00000000E+00 0.00000000E+00 0.00000000E+00
   0.00000000E+00 1.78670000E+02 0.00000000E+00 0.00000000E+00 0.00000000E+00 0.00000000E+00
   0.00000000E+00 0.00000000E+00 1.78670000E+02 0.00000000E+00 0.00000000E+00 0.00000000E+00
   0.00000000E+00 0.00000000E+00 0.00000000E+00 1.23306350E+02 0.00000000E+00 0.00000000E+00
   0.00000000E+00 0.00000000E+00 0.00000000E+00 0.00000000E+00 1.10976517E+01 0.00000000E+00
   0.00000000E+00 0.00000000E+00 0.00000000E+00 0.00000000E+00 0.00000000E+00 1.34404002E+02

0.724138
   6.45018912E+07 2.47025550E+06 0.00000000E+00 0.00000000E+00 0.00000000E+00 2.11375614E+07
   2.47025550E+06 2.56272331E+08 0.00000000E+00 0.00000000E+00 0.00000000E+00 1.04953168E+07
   0.00000000E+00 0.00000000E+00 5.94263888E+09 -5.22488067E+08 -2.22682421E+08 0.00000000E+00
   0.00000000E+00 0.00000000E+00 -5.22488067E+08 1.77424825E+09 2.37055411E+07 0.00000000E+00
   0.00000000E+00 0.00000000E+00 -2.22682421E+08 2.37055411E+07 4.54732396E+08 0.00000000E+00
   2.11375614E+07 1.04953168E+07 0.00000000E+00 0.00000000E+00 0.00000000E+00 5.00952151E+07

   1.47074001E+02 0.00000000E+00 0.00000000E+00 0.00000000E+00 0.00000000E+00 -1.73756804E+01
   0.00000000E+00 1.47074001E+02 0.00000000E+00 0.00000000E+00 0.00000000E+00 4.30545167E+00
   0.00000000E+00 0.00000000E+00 1.47074001E+02 1.73756804E+01 -4.30545167E+00 0.00000000E+00
   0.00000000E+00 0.00000000E+00 1.73756804E+01 8.32040345E+01 -1.26811451E+00 0.00000000E+00
   0.00000000E+00 0.00000000E+00 -4.30545167E+00 -1.26811451E+00 7.49243206E+00 0.00000000E+00
   -1.73756804E+01 4.30545167E+00 0.00000000E+00 0.00000000E+00 0.00000000E+00 9.06964666E+01

0.758621
   5.36569124E+07 1.81236200E+06 0.00000000E+00 0.00000000E+00 0.00000000E+00 1.56025803E+07
   1.81236200E+06 2.20029133E+08 0.00000000E+00 0.00000000E+00 0.00000000E+00 8.69344857E+06
   0.00000000E+00 0.00000000E+00 5.21731969E+09 -4.73014333E+08 -2.02158161E+08 0.00000000E+00
   0.00000000E+00 0.00000000E+00 -4.73014333E+08 1.20421931E+09 2.48945321E+07 0.00000000E+00
   0.00000000E+00 0.00000000E+00 -2.02158161E+08 2.48945321E+07 3.08554939E+08 0.00000000E+00
   1.56025803E+07 8.69344857E+06 0.00000000E+00 0.00000000E+00 0.00000000E+00 3.27646970E+07

   1.22253748E+02 0.00000000E+00 0.00000000E+00 0.00000000E+00 0.00000000E+00 -9.94295890E+00
   0.00000000E+00 1.22253748E+02 0.00000000E+00 0.00000000E+00 0.00000000E+00 3.63170257E+00
   0.00000000E+00 0.00000000E+00 1.22253748E+02 9.94295890E+00 -3.63170257E+00 0.00000000E+00
   0.00000000E+00 0.00000000E+00 9.94295890E+00 5.42189793E+01 -6.81851834E-01 0.00000000E+00
   0.00000000E+00 0.00000000E+00 -3.63170257E+00 -6.81851834E-01 4.89264676E+00 0.00000000E+00
   -9.94295890E+00 3.63170257E+00 0.00000000E+00 0.00000000E+00 0.00000000E+00 5.91116260E+01

0.793103
   4.37113798E+07 1.29757483E+06 0.00000000E+00 0.00000000E+00 0.00000000E+00 1.10132112E+07
   1.29757483E+06 1.85437053E+08 0.00000000E+00 0.00000000E+00 0.00000000E+00 7.62835216E+06
   0.00000000E+00 0.00000000E+00 4.48461337E+09 -4.03108634E+08 -1.90854955E+08 0.00000000E+00
   0.00000000E+00 0.00000000E+00 -4.03108634E+08 7.80451007E+08 2.33706886E+07 0.00000000E+00
   0.00000000E+00 0.00000000E+00 -1.90854955E+08 2.33706886E+07 1.96491143E+08 0.00000000E+00
   1.10132112E+07 7.62835216E+06 0.00000000E+00 0.00000000E+00 0.00000000E+00 2.02535034E+07

   9.91475345E+01 0.00000000E+00 0.00000000E+00 0.00000000E+00 0.00000000E+00 -4.57174806E+00
   0.00000000E+00 9.91475345E+01 0.00000000E+00 0.00000000E+00 0.00000000E+00 3.13779953E+00
   0.00000000E+00 0.00000000E+00 9.91475345E+01 4.57174806E+00 -3.13779953E+00 0.00000000E+00
   0.00000000E+00 0.00000000E+00 4.57174806E+00 3.32734637E+01 -2.75619288E-01 0.00000000E+00
   0.00000000E+00 0.00000000E+00 -3.13779953E+00 -2.75619288E-01 2.99547688E+00 0.00000000E+00
   -4.57174806E+00 3.13779953E+00 0.00000000E+00 0.00000000E+00 0.00000000E+00 3.62689406E+01

0.827586
   3.47429192E+07 8.48160860E+05 0.00000000E+00 0.00000000E+00 0.00000000E+00 7.22473595E+06
   8.48160860E+05 1.48493791E+08 0.00000000E+00 0.00000000E+00 0.00000000E+00 6.11463383E+06
   0.00000000E+00 0.00000000E+00 3.63008763E+09 -3.14784549E+08 -1.56586468E+08 0.00000000E+00
   0.00000000E+00 0.00000000E+00 -3.14784549E+08 4.56175559E+08 1.74641309E+07 0.00000000E+00
   0.00000000E+00 0.00000000E+00 -1.56586468E+08 1.74641309E+07 1.13874038E+08 0.00000000E+00
   7.22473595E+06 6.11463383E+06 0.00000000E+00 0.00000000E+00 0.00000000E+00 1.15778886E+07

   7.66532128E+01 0.00000000E+00 0.00000000E+00 0.00000000E+00 0.00000000E+00 -9.65412420E-01
   0.00000000E+00 7.66532128E+01 0.00000000E+00 0.00000000E+00 0.00000000E+00 2.45067409E+00
   0.00000000E+00 0.00000000E+00 7.66532128E+01 9.65412420E-01 -2.45067409E+00 0.00000000E+00
   0.00000000E+00 0.00000000E+00 9.65412420E-01 1.86576549E+01 -6.19066756E-02 0.00000000E+00
   0.00000000E+00 0.00000000E+00 -2.45067409E+00 -6.19066756E-02 1.68592050E+00 0.00000000E+00
   -9.65412420E-01 2.45067409E+00 0.00000000E+00 0.00000000E+00 0.00000000E+00 2.03435754E+01

0.862069
   2.70540281E+07 6.23327285E+05 0.00000000E+00 0.00000000E+00 0.00000000E+00 4.58637922E+06
   6.23327285E+05 1.17483759E+08 0.00000000E+00 0.00000000E+00 0.00000000E+00 4.69444453E+06
   0.00000000E+00 0.00000000E+00 2.87710857E+09 -2.21857126E+08 -1.21670840E+08 0.00000000E+00
   0.00000000E+00 0.00000000E+00 -2.21857126E+08 2.58226577E+08 1.11801596E+07 0.00000000E+00
   0.00000000E+00 0.00000000E+00 -1.21670840E+08 1.11801596E+07 6.07140840E+07 0.00000000E+00
   4.58637922E+06 4.69444453E+06 0.00000000E+00 0.00000000E+00 0.00000000E+00 6.43283761E+06

   5.87875553E+01 0.00000000E+00 0.00000000E+00 0.00000000E+00 0.00000000E+00 6.30578964E-01
   0.00000000E+00 5.87875553E+01 0.00000000E+00 0.00000000E+00 0.00000000E+00 1.84261915E+00
   0.00000000E+00 0.00000000E+00 5.87875553E+01 -6.30578964E-01 -1.84261915E+00 0.00000000E+00
   0.00000000E+00 0.00000000E+00 -6.30578964E-01 1.00016422E+01 1.32136121E-02 0.00000000E+00
   0.00000000E+00 0.00000000E+00 -1.84261915E+00 1.32136121E-02 8.86744102E-01 0.00000000E+00
   6.30578964E-01 1.84261915E+00 0.00000000E+00 0.00000000E+00 0.00000000E+00 1.08883863E+01

0.896552
   2.02085801E+07 4.69110364E+04 0.00000000E+00 0.00000000E+00 0.00000000E+00 2.71049777E+06
   4.69110364E+04 9.04682612E+07 0.00000000E+00 0.00000000E+00 0.00000000E+00 3.62801576E+06
   0.00000000E+00 0.00000000E+00 2.21118281E+09 -1.32561849E+08 -9.28202415E+07 0.00000000E+00
   0.00000000E+00 0.00000000E+00 -1.32561849E+08 1.43246913E+08 6.09851755E+06 0.00000000E+00
   0.00000000E+00 0.00000000E+00 -9.28202415E+07 6.09851755E+06 2.98234400E+07 0.00000000E+00
   2.71049777E+06 3.62801576E+06 0.00000000E+00 0.00000000E+00 0.00000000E+00 3.42336769E+06

   4.46218832E+01 0.00000000E+00 0.00000000E+00 0.00000000E+00 0.00000000E+00 6.59929368E-01
   0.00000000E+00 4.46218832E+01 0.00000000E+00 0.00000000E+00 0.00000000E+00 1.39661822E+00
   0.00000000E+00 0.00000000E+00 4.46218832E+01 -6.59929368E-01 -1.39661822E+00 0.00000000E+00
   0.00000000E+00 0.00000000E+00 -6.59929368E-01 5.24167389E+00 1.91571129E-02 0.00000000E+00
   0.00000000E+00 0.00000000E+00 -1.39661822E+00 1.91571129E-02 4.38785893E-01 0.00000000E+00
   6.59929368E-01 1.39661822E+00 0.00000000E+00 0.00000000E+00 0.00000000E+00 5.68045979E+00

0.931034
   1.33382335E+07 5.13506174E+05 0.00000000E+00 0.00000000E+00 0.00000000E+00 1.32772964E+06
   5.13506174E+05 6.44198957E+07 0.00000000E+00 0.00000000E+00 0.00000000E+00 2.53733531E+06
   0.00000000E+00 0.00000000E+00 1.62367042E+09 -5.97624643E+07 -6.51604728E+07 0.00000000E+00
   0.00000000E+00 0.00000000E+00 -5.97624643E+07 7.16416362E+07 2.46324551E+06 0.00000000E+00
   0.00000000E+00 0.00000000E+00 -6.51604728E+07 2.46324551E+06 1.28059207E+07 0.00000000E+00
   1.32772964E+06 2.53733531E+06 0.00000000E+00 0.00000000E+00 0.00000000E+00 1.55785664E+06

   3.18779836E+01 0.00000000E+00 0.00000000E+00 0.00000000E+00 0.00000000E+00 4.29791877E-01
   0.00000000E+00 3.18779836E+01 0.00000000E+00 0.00000000E+00 0.00000000E+00 9.59622773E-01
   0.00000000E+00 0.00000000E+00 3.18779836E+01 -4.29791877E-01 -9.59622773E-01 0.00000000E+00
   0.00000000E+00 0.00000000E+00 -4.29791877E-01 2.38019013E+00 1.12455650E-02 0.00000000E+00
   0.00000000E+00 0.00000000E+00 -9.59622773E-01 1.12455650E-02 1.89450141E-01 0.00000000E+00
   4.29791877E-01 9.59622773E-01 0.00000000E+00 0.00000000E+00 0.00000000E+00 2.56964027E+00

0.965517
   6.83126413E+06 1.25898576E+05 0.00000000E+00 0.00000000E+00 0.00000000E+00 5.57052584E+05
   1.25898576E+05 4.18793744E+07 0.00000000E+00 0.00000000E+00 0.00000000E+00 1.41415908E+06
   0.00000000E+00 0.00000000E+00 1.06393200E+09 -1.33914158E+07 -3.72297003E+07 0.00000000E+00
   0.00000000E+00 0.00000000E+00 -1.33914158E+07 2.92355070E+07 6.56231866E+05 0.00000000E+00
   0.00000000E+00 0.00000000E+00 -3.72297003E+07 6.56231866E+05 4.16519138E+06 0.00000000E+00
   5.57052584E+05 1.41415908E+06 0.00000000E+00 0.00000000E+00 0.00000000E+00 5.49976978E+05

   2.08841734E+01 0.00000000E+00 0.00000000E+00 0.00000000E+00 0.00000000E+00 2.48690314E-01
   0.00000000E+00 2.08841734E+01 0.00000000E+00 0.00000000E+00 0.00000000E+00 5.42295187E-01
   0.00000000E+00 0.00000000E+00 2.08841734E+01 -2.48690314E-01 -5.42295187E-01 0.00000000E+00
   0.00000000E+00 0.00000000E+00 -2.48690314E-01 8.77240063E-01 5.46321004E-03 0.00000000E+00
   0.00000000E+00 0.00000000E+00 -5.42295187E-01 5.46321004E-03 6.36403541E-02 0.00000000E+00
   2.48690314E-01 5.42295187E-01 0.00000000E+00 0.00000000E+00 0.00000000E+00 9.40880417E-01

1.000000
   7.33314374E+05 -3.87646193E+05 0.00000000E+00 0.00000000E+00 0.00000000E+00 1.03305758E+05
   -3.87646193E+05 2.05050716E+07 0.00000000E+00 0.00000000E+00 0.00000000E+00 5.37930262E+05
   0.00000000E+00 0.00000000E+00 4.56156217E+08 -8.75040011E+06 -1.23878335E+07 0.00000000E+00
   0.00000000E+00 0.00000000E+00 -8.75040011E+06 4.89580539E+06 2.88829637E+05 0.00000000E+00
   0.00000000E+00 0.00000000E+00 -1.23878335E+07 2.88829637E+05 7.31219354E+05 0.00000000E+00
   1.03305758E+05 5.37930262E+05 0.00000000E+00 0.00000000E+00 0.00000000E+00 8.99804789E+04

   9.39180341E+00 0.00000000E+00 0.00000000E+00 0.00000000E+00 0.00000000E+00 2.88285593E-01
   0.00000000E+00 9.39180341E+00 0.00000000E+00 0.00000000E+00 0.00000000E+00 1.83179712E-01
   0.00000000E+00 0.00000000E+00 9.39180341E+00 -2.88285593E-01 -1.83179712E-01 0.00000000E+00
   0.00000000E+00 0.00000000E+00 -2.88285593E-01 1.56242157E-01 4.63564927E-03 0.00000000E+00
   0.00000000E+00 0.00000000E+00 -1.83179712E-01 4.63564927E-03 1.20858095E-02 0.00000000E+00
   2.88285593E-01 1.83179712E-01 0.00000000E+00 0.00000000E+00 0.00000000E+00 1.68327966E-01

